%YAML:1.0
#--------------------------------------------------------------------------------------------
# ORB Parameters
#--------------------------------------------------------------------------------------------

# ORB Extractor: Number of features per image
ORBextractor.nFeatures: 4000

# ORB Extractor: Scale factor between levels in the scale pyramid
ORBextractor.scaleFactor: 1.2

# ORB Extractor: Number of levels in the scale pyramid
ORBextractor.nLevels: 12

# ORB Extractor: Fast threshold
# Image is divided in a grid. At each cell FAST are extracted imposing a minimum response.
# Firstly we impose iniThFAST. If no corners are detected we impose a lower value minThFAST
# You can lower these values if your images have low contrast			
ORBextractor.iniThFAST: 20
ORBextractor.minThFAST: 7

#--------------------------------------------------------------------------------------------
# Viewer Parameters
#--------------------------------------------------------------------------------------------
Viewer.KeyFrameSize: 0.05
Viewer.KeyFrameLineWidth: 1
Viewer.GraphLineWidth: 0.9
Viewer.PointSize: 2
Viewer.CameraSize: 0.08
Viewer.CameraLineWidth: 3
Viewer.ViewpointX: 0
Viewer.ViewpointY: -0.7
Viewer.ViewpointZ: -1.8
Viewer.ViewpointF: 500
 
#--------------------------------------------------------------------------------------------
# Camera Parameters for ORB-SLAM. Adjust them! Will be added by calib.script
#--------------------------------------------------------------------------------------------

# Camera calibration and distortion parameters (OpenCV) 
# Camera.fx: 933.44407326729231 # =LEFT.P(0,0)
# Camera.fy: 933.44407326729231 # =LEFT.P(1,1)
# Camera.cx: 735.62555694580078 # =LEFT.P(0,2)
# Camera.cy: 632.28582382202148 # =LEFT.P(1,2)
#
# Camera.k1: 0.0
# Camera.k2: 0.0
# Camera.p1: 0.0
# Camera.p2: 0.0
#
# Camera.width: 1536
# Camera.height: 1088
#
# # Camera frames per second 
# Camera.fps: 20.0 #20.0
#
# # stereo baseline times fx
# Camera.bf: 395.3439947700014 # =RIGHT.P(1,4) (=norm(T)*fx)
#
# # Color order of the images (0: BGR, 1: RGB. It is ignored if images are grayscale)
Camera.RGB: 1
#
# # Close/Far threshold. Baseline times.
ThDepth: 35

#--------------------------------------------------------------------------------------------
# Stereo Rectification. Only if you need to pre-rectify the images.
# Camera.fx, .fy, etc must be the same as in LEFT.P
#--------------------------------------------------------------------------------------------

# will be added by calib.script!


###############################
# CAMERA SETTINGS FOR ORBSLAM #
###############################
#YAML:1.0
Camera.width: 768
Camera.height: 544
Camera.fps: 25.
Camera.fx: 4.6103867761039140e+02
Camera.fy: 4.6103867761039140e+02
Camera.cx: 3.7554573059082031e+02
Camera.cy: 3.1353969192504883e+02
Camera.k1: 0.
Camera.k2: 0.
Camera.p1: 0.
Camera.p2: 0.
Camera.bf: 1.9462712826374394e+02
###############################
# CAMERA CALIBRATION FOR RECT #
###############################
#YAML:1.0
K1: !!opencv-matrix
   rows: 3
   cols: 3
   dt: d
   data: [ 4.5233119506268395e+02, 0., 3.8320090708952586e+02, 0.,
       4.5401966574618626e+02, 2.8420579053565893e+02, 0., 0., 1. ]
K2: !!opencv-matrix
   rows: 3
   cols: 3
   dt: d
   data: [ 4.5367097623935712e+02, 0., 3.7726356925272415e+02, 0.,
       4.5388678162396604e+02, 2.7966120921514607e+02, 0., 0., 1. ]
D1: !!opencv-matrix
   rows: 1
   cols: 5
   dt: d
   data: [ -2.6208295196018344e-01, 1.2429178598970576e-01,
       2.0053547711903962e-04, 1.6375786487341614e-03,
       -3.3712200413518183e-02 ]
D2: !!opencv-matrix
   rows: 1
   cols: 5
   dt: d
   data: [ -2.6417929257367950e-01, 1.3329916866748817e-01,
       -2.5420852495622271e-04, -7.8495167289539954e-05,
       -3.8677564566225252e-02 ]
R: !!opencv-matrix
   rows: 3
   cols: 3
   dt: d
   data: [ 9.9132279833779913e-01, 1.4657217947849879e-02,
       1.3063030068764442e-01, -1.7224264008157717e-02,
       9.9967968895197290e-01, 1.8543037136997099e-02,
       -1.3031666902239503e-01, -2.0632146250838722e-02,
       9.9125772648488919e-01 ]
T: [ -4.2093840725686010e-01, -2.0224966234568564e-03,
    3.1886506300463344e-02 ]
E: !!opencv-matrix
   rows: 3
   cols: 3
   dt: d
   data: [ 8.1278662589490374e-04, -3.1834564254085332e-02,
       -2.5960880752897921e-03, -2.3245470442315182e-02,
       -8.2174953086772695e-03, 4.2142379247351353e-01,
       9.2553012701595723e-03, -4.2077393186066803e-01,
       -7.5412771760904511e-03 ]
F: !!opencv-matrix
   rows: 3
   cols: 3
   dt: d
   data: [ -9.7102029521525668e-08, 3.7890692561187110e-06,
       -8.9937551277850412e-04, 2.7757705201619374e-06,
       9.7761207995334390e-07, -2.4104065420031826e-02,
       -1.2412720657177566e-03, 2.1017913505230239e-02, 1. ]
fps: 25.
R1: !!opencv-matrix
   rows: 3
   cols: 3
   dt: d
   data: [ 9.9824020797308133e-01, 2.0963017234683825e-02,
       5.5471065378969245e-02, -2.1480906156566316e-02,
       9.9973091169321415e-01, 8.7564191167336779e-03,
       -5.5272577799052591e-02, -9.9325783899980764e-03,
       9.9842189781172885e-01 ]
R2: !!opencv-matrix
   rows: 3
   cols: 3
   dt: d
   data: [ 9.9713173784355358e-01, 4.7909516883279379e-03,
       -7.5533728671468306e-02, -5.4973844779028763e-03,
       9.9994305024078833e-01, -9.1474061378301382e-03,
       7.5485602262928261e-02, 9.5364069265320168e-03,
       9.9710128913462681e-01 ]
P1: !!opencv-matrix
   rows: 3
   cols: 4
   dt: d
   data: [ 4.6103867761039140e+02, 0., 3.7554573059082031e+02, 0., 0.,
       4.6103867761039140e+02, 3.1353969192504883e+02, 0., 0., 0., 1.,
       0. ]
P2: !!opencv-matrix
   rows: 3
   cols: 4
   dt: d
   data: [ 4.6103867761039140e+02, 0., 3.7554573059082031e+02,
       -1.9462712826374394e+02, 0., 4.6103867761039140e+02,
       3.1353969192504883e+02, 0., 0., 0., 1., 0. ]
Q: !!opencv-matrix
   rows: 4
   cols: 4
   dt: d
   data: [ 1., 0., 0., -3.7554573059082031e+02, 0., 1., 0.,
       -3.1353969192504883e+02, 0., 0., 0., 4.6103867761039140e+02, 0.,
       0., 2.3688305002662662e+00, 0. ]
LEFT.width: 768
RIGHT.width: 768
LEFT.height: 544
RIGHT.height: 544
